date_stamp,race,cnt_confirmed,pct_confirmed,cnt_death,pct_death
2020-04-08,2,1140,26.1348,,
2020-04-08,1,320,7.3361,,
2020-04-08,0,32,0.7336,,
2020-04-08,3,106,2.4301,,
2020-04-08,9,2764,63.3654,,
2020-04-09,3,186,3.9207,,
2020-04-09,0,51,0.7968,,
2020-04-09,1,668,12.7774,,
2020-04-09,2,2013,43.4398,,
2020-04-09,9,1716,19.6159,,
2020-04-10,3,224,4.6072,,
2020-04-10,0,61,1.2546,,
2020-04-10,1,803,16.5158,,
2020-04-10,2,2305,47.4085,,
2020-04-10,9,1469,30.2139,,
2020-04-11,0,61,1.1928,,
2020-04-11,9,1723,33.6918,,
2020-04-11,3,224,4.3801,,
2020-04-11,1,801,15.6629,,
2020-04-11,2,2305,45.0724,,
2020-04-12,3,266,4.825,,
2020-04-12,0,73,1.3241,,
2020-04-12,1,922,16.7241,,
2020-04-12,2,2504,45.4199,,
2020-04-12,9,1748,31.7069,,
2020-04-13,3,266,4.7415,,
2020-04-13,0,73,1.3012,,
2020-04-13,1,919,16.3815,,
2020-04-13,2,2504,44.6346,,
2020-04-13,9,1848,32.9412,,
2020-04-14,3,358,6.148,,
2020-04-14,9,1378,23.6648,,
2020-04-14,0,83,1.4254,,
2020-04-14,1,1143,19.6291,,
2020-04-14,2,2861,49.1327,,
2020-04-15,3,350,5.7575,,
2020-04-15,0,88,1.4476,,
2020-04-15,1,1218,20.0362,,
2020-04-15,2,2972,48.8896,,
2020-04-15,9,1451,23.8691,,
2020-04-16,3,378,11.9318,,
2020-04-16,0,104,3.2828,,
2020-04-16,1,1298,40.9722,,
2020-04-16,2,3094,50.8965,,
2020-04-16,9,1388,43.8131,,
2020-04-17,0,114,1.7302,,
2020-04-17,,397,6.0404,,
2020-04-17,9,1500,22.75,,
2020-04-17,1,1383,20.9895,,
2020-04-17,2,3195,48.4899,,
2020-04-18,0,123,1.819,,
2020-04-18,1,1437,21.2511,,
2020-04-18,2,3282,48.5359,,
2020-04-18,,404,5.9746,,
2020-04-18,9,1516,22.4194,,
2020-04-19,0,130,1.8388,,
2020-04-19,1,1470,20.7921,,
2020-04-19,2,3347,47.3409,,
2020-04-19,,419,5.9264,,
2020-04-19,9,1704,24.1018,,
2020-04-20,0,138,1.9066,,
2020-04-20,1,1512,20.8897,,
2020-04-20,2,3406,47.0572,,
2020-04-20,,432,5.9685,,
2020-04-20,9,1750,24.1779,,
2020-04-21,0,151,2.0422,,
2020-04-21,,456,6.1672,,
2020-04-21,2,3535,47.809,,
2020-04-21,9,1670,22.5859,,
2020-04-21,1,1582,21.3957,,
2020-04-22,,489,6.2484,,
2020-04-22,2,3637,46.3785,,
2020-04-22,1,1620,20.658,,
2020-04-22,0,168,2.1423,,
2020-04-22,9,1928,24.5728,,
2020-04-23,1,1669,20.1911,,
2020-04-23,9,2188,26.4699,,
2020-04-23,3,515,6.2303,,
2020-04-23,0,176,2.1292,,
2020-04-23,2,3718,44.9794,,
2020-04-24,3,531,6.0853,,
2020-04-24,0,183,2.0972,,
2020-04-24,1,1705,19.5393,,
2020-04-24,2,3803,43.5824,,
2020-04-24,9,2504,28.6959,,
2020-04-25,1,1773,19.2948,,
2020-04-25,9,2751,29.938,,
2020-04-25,3,564,6.1378,,
2020-04-25,0,189,2.0568,,
2020-04-25,2,3912,42.5726,,
2020-04-26,3,588,6.0825,,
2020-04-26,0,193,1.9965,,
2020-04-26,1,1930,19.9648,,
2020-04-26,2,4028,41.6675,,
2020-04-26,9,2928,30.2886,,
2020-04-27,3,609,6.1404,,
2020-04-27,0,203,2.0468,,
2020-04-27,1,1983,19.994,,
2020-04-27,2,4108,41.4196,,
2020-04-27,9,3015,30.3993,,
2020-04-28,3,645,6.4166,,
2020-04-28,0,223,2.2185,,
2020-04-28,1,2059,20.4835,,
2020-04-28,2,4257,42.3498,,
2020-04-28,9,2868,28.5316,,
2020-04-29,3,688,6.6371,,
2020-04-29,0,239,2.3056,,
2020-04-29,1,2154,20.7795,,
2020-04-29,2,4427,42.7069,,
2020-04-29,9,2858,27.5709,,
2020-04-30,3,719,6.6977,,
2020-04-30,0,259,2.4127,,
2020-04-30,1,2233,20.8011,,
2020-04-30,2,4597,42.8225,,
2020-04-30,9,2927,27.266,,
2020-05-01,3,761,6.3998,,
2020-05-01,2,4937,41.5188,,
2020-05-01,9,3472,29.1986,,
2020-05-01,0,274,2.3043,,
2020-05-01,1,2447,20.5786,,
2020-05-02,3,799,6.3107,,
2020-05-02,0,294,2.3221,,
2020-05-02,1,2578,20.3617,,
2020-05-02,2,5129,40.5102,,
2020-05-02,9,3861,30.4952,,
2020-05-03,3,840,6.3747,,
2020-05-03,0,295,2.2387,,
2020-05-03,1,2630,19.959,,
2020-05-03,2,5227,39.6676,,
2020-05-03,9,4185,31.7599,,
2020-05-04,3,876,6.4549,,
2020-05-04,0,297,2.1885,,
2020-05-04,1,2670,19.6743,,
2020-05-04,2,5358,39.4812,,
2020-05-04,9,4370,32.201,,
2020-05-05,3,906,6.618,,
2020-05-05,2,5507,40.2264,,
2020-05-05,1,2770,20.2337,,
2020-05-05,9,4196,30.6501,,
2020-05-05,0,311,2.2717,,
2020-05-06,2,5575,39.9986,,
2020-05-06,1,2854,20.4764,,
2020-05-06,0,320,2.2959,,
2020-05-06,3,937,6.7226,,
2020-05-06,9,4252,30.5065,,
2020-05-07,1,2913,20.6654,,
2020-05-07,9,4178,29.6396,,
2020-05-07,3,979,6.9452,,
2020-05-07,0,326,2.3127,,
2020-05-07,2,5700,40.437,,
2020-05-08,3,1022,7.0771,,
2020-05-08,0,334,2.3129,,
2020-05-08,1,2994,20.7326,,
2020-05-08,2,5859,40.572,,
2020-05-08,9,4232,29.3054,,
2020-05-09,1,3043,20.6054,,
2020-05-09,9,4369,29.5842,,
2020-05-09,3,1047,7.0897,,
2020-05-09,0,341,2.309,,
2020-05-09,2,5968,40.4117,,
2020-05-10,3,1062,7.0871,,
2020-05-10,0,342,2.2823,,
2020-05-10,1,3087,20.6006,,
2020-05-10,2,6016,40.1468,,
2020-05-10,9,4478,29.8832,,
2020-05-11,3,1085,6.9802,,
2020-05-11,0,342,2.2002,,
2020-05-11,1,3178,20.4452,,
2020-05-11,2,6137,39.4815,,
2020-05-11,9,4802,30.8929,,
2020-05-12,9,4823,29.9361,,
2020-05-12,3,1144,7.1069,,
2020-05-12,0,345,2.1414,,
2020-05-12,1,3396,21.0788,,
2020-05-12,2,6402,39.7368,,
2020-05-13,3,1215,7.4221,,
2020-05-13,0,348,2.1258,,
2020-05-13,1,3518,21.4905,,
2020-05-13,2,6611,40.3849,,
2020-05-13,9,4678,28.5767,,
2020-05-14,3,1292,7.737,,
2020-05-14,0,353,2.1139,,
2020-05-14,1,3572,21.3905,,
2020-05-14,2,6767,40.5234,,
2020-05-14,9,4715,28.2352,,
2020-05-15,3,1398,8.2381,,
2020-05-15,2,6849,40.3595,,
2020-05-15,9,4757,28.0318,,
2020-05-15,0,357,2.1037,,
2020-05-15,1,3609,21.2669,,
2020-05-16,3,1458,8.4336,,
2020-05-16,0,362,2.0939,,
2020-05-16,1,3663,21.1881,,
2020-05-16,2,6991,40.4385,,
2020-05-16,9,4814,27.8459,,
2020-05-17,3,1497,8.6094,,
2020-05-17,0,364,2.0934,,
2020-05-17,1,3687,21.2043,,
2020-05-17,2,7045,40.5164,,
2020-05-17,9,4795,27.5765,,
2020-05-18,3,1543,8.567,,
2020-05-18,0,366,2.0321,,
2020-05-18,1,3747,20.804,,
2020-05-18,2,7099,39.4148,,
2020-05-18,9,5256,29.1822,,
2020-05-19,3,1650,8.9781,,
2020-05-19,2,7258,39.4929,,
2020-05-19,9,5292,28.7953,,
2020-05-19,0,368,2.0024,,
2020-05-19,1,3810,20.7313,,
2020-05-20,3,1718,9.2705,,
2020-05-20,0,375,2.0235,,
2020-05-20,1,3866,20.8612,,
2020-05-20,2,7386,39.8554,,
2020-05-20,9,5187,27.9894,,
2020-05-21,1,3932,20.7373,,
2020-05-21,9,5260,27.7412,,
2020-05-21,3,1770,9.335,,
2020-05-21,0,381,2.0094,,
2020-05-21,2,7618,40.1772,,
2020-05-22,3,1854,9.5597,,
2020-05-22,0,384,1.98,,
2020-05-22,1,4006,20.6559,,
2020-05-22,2,7796,40.198,,
2020-05-22,9,5354,27.6065,,
2020-05-23,1,4075,20.5922,,
2020-05-23,9,5442,27.5001,,
2020-05-23,3,1954,9.8742,,
2020-05-23,0,385,1.9455,,
2020-05-23,2,7933,40.0879,,
2020-05-24,3,2002,9.9379,,
2020-05-24,0,387,1.9211,,
2020-05-24,1,4139,20.546,,
2020-05-24,2,8040,39.9106,,
2020-05-24,9,5577,27.6843,,
2020-05-25,9,5813,28.2089,,
2020-05-25,3,2066,10.0257,,
2020-05-25,0,390,1.8926,,
2020-05-25,1,4203,20.396,,
2020-05-25,2,8135,39.4769,,
2020-05-26,3,2172,10.3601,,
2020-05-26,0,394,1.8793,,
2020-05-26,1,4266,20.3482,,
2020-05-26,2,8273,39.461,,
2020-05-26,9,5860,27.9513,,
2020-05-27,3,2316,10.8702,,
2020-05-27,0,397,1.8633,,
2020-05-27,1,4383,20.5717,,
2020-05-27,2,8465,39.7306,,
2020-05-27,9,5745,26.9642,,
2020-05-28,3,2469,11.3889,,
2020-05-28,0,402,1.8543,,
2020-05-28,1,4460,20.5729,,
2020-05-28,2,8696,40.1126,,
2020-05-28,9,5652,26.0713,,
2020-05-29,3,2565,11.6142,,
2020-05-29,2,8908,40.3351,,
2020-05-29,9,5695,25.7867,,
2020-05-29,0,406,1.8384,,
2020-05-29,1,4511,20.4256,,
2020-05-30,3,2713,12.0225,,
2020-05-30,0,410,1.8169,,
2020-05-30,1,5124,22.7067,,
2020-05-30,2,9822,43.5257,,
2020-05-30,9,4497,19.9282,,
2020-05-31,3,2799,12.1664,,
2020-05-31,0,411,1.7865,,
2020-05-31,1,5202,22.6115,,
2020-05-31,2,9934,43.18,,
2020-05-31,9,4660,20.2556,,
2020-06-01,3,2866,12.1678,,
2020-06-01,0,413,1.7534,,
2020-06-01,1,5265,22.3529,,
2020-06-01,2,10114,42.9396,,
2020-06-01,9,4896,20.7863,,
2020-06-02,3,3345,13.7231,,
2020-06-02,0,417,1.7108,,
2020-06-02,9,4895,20.0821,,
2020-06-02,1,5378,22.0636,,
2020-06-02,2,10340,42.4205,,
2020-06-03,3,3546,14.2857,,
2020-06-03,0,423,1.7041,,
2020-06-03,1,5472,22.045,,
2020-06-03,2,10589,42.6597,,
2020-06-03,9,4792,19.3055,,
2020-06-04,3,3613,14.383,,
2020-06-04,0,427,1.6998,,
2020-06-04,1,5551,22.0979,,
2020-06-04,2,10736,42.7389,,
2020-06-04,9,4793,19.0804,,
2020-06-05,3,3666,14.3652,,
2020-06-05,2,10989,43.0603,,
2020-06-05,9,4714,18.4718,,
2020-06-05,0,434,1.7006,,
2020-06-05,1,5717,22.402,,
2020-06-06,3,3833,14.7022,,
2020-06-06,0,439,1.6839,,
2020-06-06,1,5784,22.1856,,
2020-06-06,2,11179,42.8791,,
2020-06-06,9,4836,18.5493,,
2020-06-07,3,3837,14.5446,,
2020-06-07,0,441,1.6717,,
2020-06-07,1,5858,22.2054,,
2020-06-07,2,11315,42.8907,,
2020-06-07,9,4930,18.6877,,
2020-06-08,3,3926,14.571,,
2020-06-08,0,451,1.6738,,
2020-06-08,1,5915,21.9529,,
2020-06-08,2,11451,42.4993,,
2020-06-08,9,5201,19.303,,
2020-06-09,9,5197,18.8468,,
2020-06-09,3,4091,14.8359,,
2020-06-09,0,457,1.6573,,
2020-06-09,1,6052,21.9474,,
2020-06-09,2,11778,42.7126,,
2020-06-10,3,4213,15.1172,,
2020-06-10,0,461,1.6542,,
2020-06-10,1,6185,22.1931,,
2020-06-10,2,12004,43.0729,,
2020-06-10,9,5006,17.9626,,
2020-06-11,3,4379,15.4517,,
2020-06-11,0,464,1.6373,,
2020-06-11,1,6319,22.2971,,
2020-06-11,2,12204,43.0628,,
2020-06-11,9,4974,17.5512,,
2020-06-12,3,4579,15.7213,,
2020-06-12,2,12617,43.3187,,
2020-06-12,9,5067,17.3968,,
2020-06-12,0,467,1.6034,,
2020-06-12,1,6396,21.9598,,
2020-06-13,3,4720,15.9778,,
2020-06-13,0,467,1.5809,,
2020-06-13,1,6500,22.0033,,
2020-06-13,2,12842,43.4718,,
2020-06-13,9,5012,16.9663,,
2020-06-14,3,4893,16.0785,,
2020-06-14,0,469,1.5411,,
2020-06-14,1,6570,21.5891,,
2020-06-14,2,12989,42.682,,
2020-06-14,9,5511,18.1092,,
2020-06-15,3,4960,15.9178,,
2020-06-15,0,472,1.5148,,
2020-06-15,1,6632,21.2837,,
2020-06-15,2,13117,42.0956,,
2020-06-15,9,5979,19.1881,,
2020-06-16,9,6216,19.5287,,
2020-06-16,3,5072,15.9347,,
2020-06-16,0,484,1.5206,,
2020-06-16,1,6712,21.087,,
2020-06-16,2,13346,41.929,,
2020-06-17,3,5209,16.2057,,
2020-06-17,0,487,1.5151,,
2020-06-17,1,6801,21.1586,,
2020-06-17,2,13596,42.2985,,
2020-06-17,9,6050,18.8221,,
2020-06-18,3,5360,16.327,,
2020-06-18,0,492,1.4987,,
2020-06-18,1,6895,21.0028,,
2020-06-18,2,13903,42.3498,,
2020-06-18,9,6179,18.8218,,
2020-06-19,3,5525,16.2419,,
2020-06-19,0,501,1.4728,,
2020-06-19,1,7075,20.7984,,
2020-06-19,2,14235,41.8467,,
2020-06-19,9,6681,19.6402,,
2020-06-20,2,14477,42.0281,,
2020-06-20,9,6569,19.0704,,
2020-06-20,3,5679,16.4867,,
2020-06-20,0,503,1.4603,,
2020-06-20,1,7218,20.9545,,
2020-06-21,3,5779,16.4634,,
2020-06-21,0,512,1.4586,,
2020-06-21,1,7312,20.8307,,
2020-06-21,2,14657,41.7555,,
2020-06-21,9,6842,19.4918,,
2020-06-22,3,5902,16.6006,,
2020-06-22,9,6858,19.2895,,
2020-06-22,0,520,1.4626,,
2020-06-22,1,7404,20.8252,,
2020-06-22,2,14869,41.8221,,
2020-06-23,9,5872,16.175,,
2020-06-23,0,523,1.4407,,
2020-06-23,3,6208,17.1005,,
2020-06-23,2,15690,43.2196,,
2020-06-23,1,8010,22.0643,,
2020-06-24,2,15994,42.9542,,
2020-06-24,1,8117,21.7994,,
2020-06-24,0,528,1.418,,
2020-06-24,3,6368,17.1022,,
2020-06-24,9,6228,16.7262,,
2020-06-25,4,61,0.1604,1,0.1
2020-06-25,1,8235,21.6517,193,34.0
2020-06-25,3,6448,16.9533,32,5.6
2020-06-25,5,39,0.1025,1,0.1
2020-06-25,0,537,1.4119,11,1.9
2020-06-25,2,16340,42.9616,327,57.6
2020-06-25,9,6374,16.7587,2,0.3
2020-06-26,9,7045,17.8608,2,0.3
2020-06-26,5,39,0.0989,1,0.1
2020-06-26,4,60,0.1521,0,0.0
2020-06-26,0,544,1.3792,11,1.9
2020-06-26,1,8390,21.2707,198,34.3
2020-06-26,2,16774,42.5261,333,57.7
2020-06-26,3,6592,16.7123,32,5.5
2020-06-27,9,6962,17.3305,2,0.3
2020-06-27,5,40,0.0996,1,0.1
2020-06-27,4,61,0.1518,0,0.0
2020-06-27,0,556,1.384,11,1.8
2020-06-27,1,8549,21.281,201,34.4
2020-06-27,2,17261,42.9677,335,57.3
2020-06-27,3,6743,16.7853,34,5.8
2020-06-29,5,41,0.0969,1,0.1
2020-06-29,3,7003,16.5567,34,5.7
2020-06-29,4,60,0.1419,0,0.0
2020-06-29,0,578,1.3665,11,1.8
2020-06-29,1,8872,20.9755,206,34.7
2020-06-29,2,17771,42.0148,338,57.0
2020-06-29,9,7972,18.8477,2,0.3
2020-06-30,9,8393,19.2903,2,0.3
2020-06-30,5,42,0.0965,1,0.1
2020-06-30,2,18255,41.9568,342,56.6
2020-06-30,1,9048,20.7957,212,35.0
2020-06-30,3,7124,16.3736,36,5.9
2020-06-30,4,61,0.1402,0,0.0
2020-06-30,0,586,1.3468,11,1.8
2020-07-01,9,8159,18.0051,2,0.3
2020-07-01,5,42,0.0927,1,0.1
2020-07-01,4,72,0.1589,0,0.0
2020-07-01,0,598,1.3197,11,1.8
2020-07-01,1,9676,21.3528,215,35.3
2020-07-01,2,19194,42.3568,344,56.4
2020-07-01,3,7574,16.7141,36,5.9
2020-07-02,1,9850,21.0066,217,35.0
2020-07-02,3,7751,16.5302,36,5.8
2020-07-02,5,45,0.096,1,0.1
2020-07-02,4,72,0.1536,0,0.0
2020-07-02,0,615,1.3116,11,1.7
2020-07-02,2,19775,42.1732,351,56.6
2020-07-02,9,8782,18.7289,4,0.6
2020-07-03,9,9424,19.3464,5,0.7
2020-07-03,5,46,0.0944,1,0.1
2020-07-03,4,71,0.1458,0,0.0
2020-07-03,0,625,1.2831,11,1.7
2020-07-03,1,10097,20.728,221,34.9
2020-07-03,2,20445,41.9712,356,56.2
2020-07-03,3,8004,16.4313,39,6.1
2020-07-04,9,10016,19.9761,6,0.9
2020-07-04,5,48,0.0957,1,0.1
2020-07-04,4,72,0.1436,0,0.0
2020-07-04,0,628,1.2525,11,1.7
2020-07-04,1,10343,20.6282,223,35.0
2020-07-04,2,20861,41.6055,357,56.0
2020-07-04,3,8172,16.2984,39,6.1
2020-07-05,3,8266,16.072,39,6.0
2020-07-05,5,48,0.0933,1,0.1
2020-07-05,4,72,0.14,0,0.0
2020-07-05,0,632,1.2288,11,1.7
2020-07-05,1,10459,20.336,228,35.2
2020-07-05,2,21111,41.0472,361,55.8
2020-07-05,9,10843,21.0826,6,0.9
2020-07-06,9,10810,20.7267,6,0.9
2020-07-06,2,21497,41.2175,366,56.0
2020-07-06,1,10640,20.4007,231,35.3
2020-07-06,3,8449,16.1998,38,5.8
2020-07-06,4,72,0.1381,0,0.0
2020-07-06,5,48,0.092,1,0.1
2020-07-06,0,639,1.2252,11,1.6
2020-07-07,9,11114,20.7684,7,1.0
2020-07-07,5,48,0.0897,1,0.1
2020-07-07,4,71,0.1327,0,0.0
2020-07-07,0,663,1.2389,12,1.8
2020-07-07,1,10872,20.3162,234,35.1
2020-07-07,2,22175,41.4378,372,55.9
2020-07-07,3,8571,16.0164,39,5.8
2020-07-08,9,11309,20.1997,5,0.7
2020-07-08,5,48,0.0857,1,0.1
2020-07-08,4,78,0.1393,0,0.0
2020-07-08,0,677,1.2092,12,1.7
2020-07-08,2,23336,41.6818,386,56.3
2020-07-08,3,8978,16.0362,40,5.8
2020-07-08,1,11560,20.648,241,35.1
2020-07-09,3,9149,15.8862,45,6.3
2020-07-09,5,50,0.0868,1,0.1
2020-07-09,4,78,0.1354,0,0.0
2020-07-09,0,688,1.1946,13,1.8
2020-07-09,1,11825,20.5327,249,35.0
2020-07-09,2,24113,41.8694,397,55.9
2020-07-09,9,11688,20.2948,5,0.7
2020-07-10,9,12556,21.0862,4,0.5
2020-07-10,5,53,0.089,1,0.1
2020-07-10,4,78,0.131,0,0.0
2020-07-10,0,694,1.1655,12,1.6
2020-07-10,1,12100,20.3204,258,35.6
2020-07-10,2,24754,41.5712,402,55.6
2020-07-10,3,9311,15.6367,46,6.3
2020-07-11,9,12787,20.9602,4,0.5
2020-07-11,5,56,0.0918,1,0.1
2020-07-11,4,78,0.1279,0,0.0
2020-07-11,0,705,1.1556,12,1.6
2020-07-11,1,12323,20.1997,261,35.3
2020-07-11,2,25559,41.8959,411,55.6
2020-07-11,3,9498,15.569,49,6.6
2020-07-12,9,13044,21.0523,3,0.4
2020-07-12,5,56,0.0904,1,0.1
2020-07-12,2,25886,41.7786,413,55.7
2020-07-12,1,12551,20.2566,263,35.4
2020-07-12,3,9635,15.5504,49,6.6
2020-07-12,4,78,0.1259,0,0.0
2020-07-12,0,710,1.1459,12,1.6
2020-07-13,9,14912,22.8452,6,0.8
2020-07-13,5,56,0.0858,1,0.1
2020-07-13,4,83,0.1272,0,0.0
2020-07-13,0,721,1.1046,12,1.6
2020-07-13,1,12883,19.7368,266,35.5
2020-07-13,2,26607,40.762,415,55.4
2020-07-13,3,10012,15.3384,49,6.5
2020-07-14,1,13150,19.6892,273,35.5
2020-07-14,3,10157,15.2078,49,6.3
2020-07-14,5,56,0.0838,1,0.1
2020-07-14,4,84,0.1258,0,0.0
2020-07-14,0,729,1.0915,12,1.5
2020-07-14,2,27432,41.0732,426,55.5
2020-07-14,9,15180,22.7286,6,0.7
2020-07-15,9,14342,20.7671,5,0.6
2020-07-15,5,57,0.0825,1,0.1
2020-07-15,4,91,0.1318,0,0.0
2020-07-15,0,741,1.073,13,1.6
2020-07-15,1,14151,20.4906,280,35.7
2020-07-15,2,29104,42.1425,434,55.4
2020-07-15,3,10575,15.3125,50,6.3
2020-07-16,9,15316,21.409,4,0.5
2020-07-16,5,57,0.0797,1,0.1
2020-07-16,4,92,0.1286,0,0.0
2020-07-16,0,760,1.0623,13,1.6
2020-07-16,1,14422,20.1594,282,35.4
2020-07-16,2,30043,41.9947,446,56.0
2020-07-16,3,10850,15.1663,50,6.2
2020-07-17,9,16298,22.0783,3,0.3
2020-07-17,5,58,0.0786,2,0.2
2020-07-17,4,91,0.1233,0,0.0
2020-07-17,0,766,1.0377,13,1.5
2020-07-17,1,14737,19.9637,289,35.4
2020-07-17,2,30936,41.9079,457,56.0
2020-07-17,3,10933,14.8106,51,6.2
2020-07-18,9,17268,22.621,4,0.4
2020-07-18,5,60,0.0786,2,0.2
2020-07-18,2,31837,41.7064,468,55.8
2020-07-18,1,15111,19.7954,300,35.7
2020-07-18,3,11196,14.6667,51,6.0
2020-07-18,4,90,0.1179,0,0.0
2020-07-18,0,774,1.0139,13,1.5
2020-07-19,9,18207,23.3079,4,0.4
2020-07-19,5,60,0.0768,2,0.2
2020-07-19,4,92,0.1178,0,0.0
2020-07-19,0,788,1.0088,14,1.6
2020-07-19,1,15317,19.6083,304,36.0
2020-07-19,2,32383,41.4555,468,55.5
2020-07-19,3,11268,14.4249,51,6.0
2020-07-20,9,19179,24.0477,6,0.7
2020-07-20,5,61,0.0765,2,0.2
2020-07-20,4,94,0.1179,0,0.0
2020-07-20,0,793,0.9943,14,1.6
2020-07-20,2,32833,41.1678,469,55.3
2020-07-20,3,11316,14.1886,51,6.0
2020-07-20,1,15478,19.4072,305,36.0
2020-07-21,9,19300,23.5527,4,0.4
2020-07-21,5,65,0.0793,2,0.2
2020-07-21,4,97,0.1184,0,0.0
2020-07-21,0,814,0.9934,15,1.7
2020-07-21,1,15752,19.2229,315,36.1
2020-07-21,2,34124,41.6431,481,55.2
2020-07-21,3,11792,14.3903,54,6.1
2020-07-22,9,19972,23.6587,8,0.9
2020-07-22,5,69,0.0817,2,0.2
2020-07-22,4,97,0.1149,0,0.0
2020-07-22,0,832,0.9856,15,1.6
2020-07-22,1,16107,19.0803,319,35.9
2020-07-22,2,35281,41.7937,489,55.0
2020-07-22,3,12059,14.285,55,6.1
2020-07-23,9,19232,22.1091,10,1.0
2020-07-23,5,67,0.077,2,0.2
2020-07-23,4,107,0.123,2,0.2
2020-07-23,0,845,0.9714,15,1.6
2020-07-23,1,17171,19.7397,325,35.1
2020-07-23,2,36998,42.5328,512,55.3
2020-07-23,3,12567,14.447,59,6.3
2020-07-24,9,19853,22.2872,8,0.8
2020-07-24,3,12673,14.2269,60,6.3
2020-07-24,5,70,0.0786,2,0.2
2020-07-24,4,108,0.1212,2,0.2
2020-07-24,0,865,0.9711,15,1.5
2020-07-24,1,17519,19.667,328,34.9
2020-07-24,2,37990,42.648,523,55.7
2020-07-25,9,20219,22.2686,8,0.8
2020-07-25,3,12733,14.0237,60,6.2
2020-07-25,5,71,0.0782,2,0.2
2020-07-25,4,108,0.1189,2,0.2
2020-07-25,0,885,0.9747,15,1.5
2020-07-25,1,17834,19.6418,335,34.7
2020-07-25,2,38946,42.894,542,56.2
2020-07-26,9,22109,23.5362,9,0.9
2020-07-26,5,73,0.0777,2,0.2
2020-07-26,4,111,0.1182,2,0.2
2020-07-26,0,898,0.956,15,1.5
2020-07-26,1,18149,19.3206,336,34.7
2020-07-26,2,39810,42.3799,543,56.1
2020-07-26,3,12786,13.6114,60,6.2
2020-07-27,9,22748,23.5757,14,1.4
2020-07-27,5,71,0.0736,2,0.2
2020-07-27,4,112,0.1161,2,0.2
2020-07-27,0,909,0.9421,15,1.5
2020-07-27,1,18408,19.0778,337,34.3
2020-07-27,2,40844,42.3302,547,55.7
2020-07-27,3,13397,13.8845,61,6.6
2020-07-28,9,23404,23.6299,15,1.4
2020-07-28,5,74,0.0747,15,1.4
2020-07-28,4,117,0.1181,3,0.2
2020-07-28,0,919,0.9279,15,1.4
2020-07-28,1,18749,18.93,343,33.7
2020-07-28,2,42056,42.4619,559,54.9
2020-07-28,3,13725,13.8575,62,6.5
2020-07-29,9,23588,23.3957,15,1.4
2020-07-29,5,77,0.0764,2,0.1
2020-07-29,2,43077,42.7258,574,56.2
2020-07-29,1,19079,18.9234,347,34.0
2020-07-29,3,13952,13.8382,64,6.2
2020-07-29,4,119,0.118,3,0.2
2020-07-29,0,930,0.9224,15,1.4
2020-07-30,9,23840,23.1747,16,1.5
2020-07-30,5,78,0.0758,2,0.1
2020-07-30,4,120,0.1167,3,0.2
2020-07-30,0,941,0.9147,15,1.4
2020-07-30,1,19463,18.9198,351,33.9
2020-07-30,2,44226,42.9917,581,56.2
2020-07-30,3,14203,13.8066,65,6.2
2020-07-31,9,24750,23.3581,18,1.6
2020-07-31,5,77,0.0727,2,0.1
2020-07-31,4,125,0.118,3,0.2
2020-07-31,0,955,0.9013,15,1.4
2020-07-31,2,45421,42.8666,600,56.6
2020-07-31,3,14823,13.9894,65,6.1
2020-07-31,1,19808,18.694,357,33.6
2020-08-01,9,25129,23.228,19,1.7
2020-08-01,5,78,0.0721,2,0.1
2020-08-01,4,131,0.1211,3,0.2
2020-08-01,0,972,0.8985,16,1.4
2020-08-01,1,20191,18.6636,359,33.6
2020-08-01,2,46418,42.9065,604,56.6
2020-08-01,3,15265,14.1102,64,5.9
2020-08-02,9,25710,23.4523,19,1.7
2020-08-02,5,80,0.073,2,0.1
2020-08-02,4,133,0.1213,3,0.2
2020-08-02,0,983,0.8967,16,1.4
2020-08-02,1,20401,18.6095,359,33.4
2020-08-02,2,47067,42.9338,610,56.8
2020-08-02,3,15253,13.9135,64,5.9
2020-08-03,9,25885,23.3965,21,1.9
2020-08-03,5,81,0.0732,2,0.1
2020-08-03,4,134,0.1211,3,0.2
2020-08-03,0,988,0.893,16,1.4
2020-08-03,1,20564,18.5871,364,33.3
2020-08-03,2,47702,43.1162,622,56.9
2020-08-03,3,15282,13.8129,64,5.8
2020-08-04,9,25627,22.7915,20,1.7
2020-08-04,5,82,0.0729,2,0.1
2020-08-04,2,48849,43.4441,638,57.1
2020-08-04,1,20847,18.5404,372,33.3
2020-08-04,3,15900,14.1407,67,5.9
2020-08-04,4,138,0.1227,3,0.2
2020-08-04,0,998,0.8876,15,1.3
2020-08-05,9,23668,20.7436,8,0.6
2020-08-05,5,83,0.0727,2,0.1
2020-08-05,4,142,0.1245,4,0.3
2020-08-05,0,1015,0.8896,15,1.3
2020-08-05,1,22003,19.2843,384,33.5
2020-08-05,2,51004,44.7019,661,57.7
2020-08-05,3,16183,14.1834,70,6.1
2020-08-06,1,22345,19.205,394,33.2
2020-08-06,3,16548,14.2226,72,6.0
2020-08-06,5,82,0.0705,2,0.1
2020-08-06,4,143,0.1229,4,0.3
2020-08-06,0,1039,0.893,15,1.2
2020-08-06,2,52258,44.9145,689,58.0
2020-08-06,9,23935,20.5716,10,0.8
2020-08-07,9,24510,20.6344,11,0.9
2020-08-07,5,83,0.0699,2,0.1
2020-08-07,4,145,0.1221,4,0.3
2020-08-07,0,1060,0.8924,15,1.2
2020-08-07,1,22584,19.013,403,33.4
2020-08-07,2,53435,44.9858,699,57.9
2020-08-07,3,16965,14.2825,72,5.9
2020-08-08,9,24925,20.6701,12,0.9
2020-08-08,5,84,0.0697,2,0.1
2020-08-08,4,148,0.1227,4,0.3
2020-08-08,0,1071,0.8882,15,1.2
2020-08-08,1,22800,18.9078,403,33.1
2020-08-08,2,54369,45.0877,707,58.1
2020-08-08,3,17188,14.2538,72,5.9
2020-08-09,9,25584,20.8488,12,0.9
2020-08-09,5,84,0.0685,2,0.1
2020-08-09,4,150,0.1222,4,0.3
2020-08-09,0,1085,0.8842,15,1.2
2020-08-09,1,23066,18.7969,406,33.1
2020-08-09,2,55187,44.9728,712,58.2
2020-08-09,3,17556,14.3067,72,5.8
2020-08-10,9,25882,20.8871,13,1.0
2020-08-10,5,83,0.067,2,0.1
2020-08-10,2,55873,45.0901,717,58.1
2020-08-10,1,23239,18.7541,410,33.2
2020-08-10,3,17594,14.1986,72,5.8
2020-08-10,4,152,0.1227,4,0.3
2020-08-10,0,1091,0.8804,15,1.2
2020-08-11,9,25907,20.7397,18,1.4
2020-08-11,5,83,0.0664,2,0.1
2020-08-11,4,155,0.1241,4,0.3
2020-08-11,0,1103,0.883,16,1.2
2020-08-11,1,23462,18.7824,415,32.6
2020-08-11,2,56636,45.3396,743,58.4
2020-08-11,3,17569,14.0648,73,5.7
2020-08-12,9,24081,19.0525,16,1.2
2020-08-12,5,85,0.0673,2,0.1
2020-08-12,4,160,0.1266,4,0.3
2020-08-12,0,1111,0.879,16,1.2
2020-08-12,2,58694,46.4377,758,58.8
2020-08-12,3,17778,14.0657,74,5.7
2020-08-12,1,24484,19.3713,419,32.5
2020-08-13,9,24286,18.898,16,1.2
2020-08-13,5,87,0.0677,2,0.1
2020-08-13,4,169,0.1315,4,0.3
2020-08-13,0,1122,0.8731,16,1.2
2020-08-13,1,24862,19.3462,423,32.2
2020-08-13,2,59985,46.6769,778,59.2
2020-08-13,3,18000,14.0066,74,5.6
2020-08-14,9,24817,19.023,16,1.2
2020-08-14,5,86,0.0659,2,0.1
2020-08-14,4,171,0.1311,4,0.3
2020-08-14,0,1136,0.8708,16,1.2
2020-08-14,1,25051,19.2023,426,32.1
2020-08-14,2,60956,46.7246,786,59.2
2020-08-14,3,18241,13.9823,76,5.7
2020-08-15,9,24810,18.8315,18,1.3
2020-08-15,5,88,0.0668,2,0.1
2020-08-15,4,173,0.1313,4,0.2
2020-08-15,0,1151,0.8736,15,1.1
2020-08-15,1,25257,19.1708,432,32.1
2020-08-15,2,61902,46.9855,798,59.3
2020-08-15,3,18366,13.9404,76,5.6
2020-08-16,9,26124,19.5381,20,1.4
2020-08-16,5,88,0.0658,2,0.1
2020-08-16,2,62356,46.636,810,59.2
2020-08-16,1,25411,19.0048,436,31.9
2020-08-16,3,18394,13.7568,79,5.7
2020-08-16,4,175,0.1309,4,0.2
2020-08-16,0,1160,0.8676,15,1.0
2020-08-17,9,25989,19.2877,23,1.6
2020-08-17,5,88,0.0653,2,0.1
2020-08-17,4,177,0.1314,4,0.2
2020-08-17,0,1168,0.8668,15,1.0
2020-08-17,1,25587,18.9893,439,31.6
2020-08-17,2,63075,46.811,825,59.4
2020-08-17,3,18660,13.8485,79,5.6
2020-08-18,1,25849,19.0377,445,31.2
2020-08-18,3,18570,13.6767,82,5.7
2020-08-18,5,88,0.0648,2,0.1
2020-08-18,4,180,0.1326,4,0.2
2020-08-18,0,1185,0.8727,15,1.0
2020-08-18,2,63936,47.0886,853,59.8
2020-08-18,9,25970,19.1268,25,1.7
2020-08-19,9,25123,18.2315,27,1.8
2020-08-19,5,89,0.0646,2,0.1
2020-08-19,4,188,0.1364,4,0.2
2020-08-19,0,1196,0.8679,15,1.0
2020-08-19,1,26597,19.3012,449,30.9
2020-08-19,2,65711,47.6858,873,60.1
2020-08-19,3,18896,13.7126,82,5.6
2020-08-20,9,24971,17.9422,29,1.9
2020-08-20,5,90,0.0647,2,0.1
2020-08-20,4,193,0.1387,4,0.2
2020-08-20,0,1205,0.8658,15,1.0
2020-08-20,1,26868,19.3052,458,30.7
2020-08-20,2,66776,47.9799,895,60.1
2020-08-20,3,19072,13.7036,85,5.7
2020-08-21,3,19269,13.6811,90,5.8
2020-08-21,5,95,0.0675,2,0.1
2020-08-21,4,194,0.1377,4,0.2
2020-08-21,0,1219,0.8655,15,0.9
2020-08-21,1,27118,19.2539,473,30.5
2020-08-21,2,67673,48.0482,933,60.2
2020-08-21,9,25276,17.9461,32,2.0
2020-08-22,9,25174,17.7178,32,2.0
2020-08-22,2,68770,48.4013,944,60.3
2020-08-22,1,27337,19.2402,477,30.5
2020-08-22,3,19278,13.5681,89,5.6
2020-08-22,4,197,0.1387,4,0.2
2020-08-22,5,95,0.0669,2,0.1
2020-08-22,0,1232,0.8671,15,0.9
2020-08-23,9,25949,18.028,32,2.0
2020-08-23,5,96,0.0667,2,0.1
2020-08-23,4,198,0.1376,4,0.2
2020-08-23,0,1243,0.8636,15,0.9
2020-08-23,1,27512,19.1139,478,30.5
2020-08-23,2,69516,48.2961,946,60.3
2020-08-23,3,19423,13.4941,90,5.7
2020-08-24,9,25860,17.8833,32,2.0
2020-08-24,5,96,0.0664,2,0.1
2020-08-24,4,197,0.1362,4,0.2
2020-08-24,0,1248,0.863,15,0.9
2020-08-24,2,70068,48.4551,962,60.5
2020-08-24,3,19463,13.4595,90,5.6
2020-08-24,1,27672,19.1364,483,30.4
2020-08-25,3,19387,13.332,92,5.6
2020-08-25,5,98,0.0674,2,0.1
2020-08-25,4,197,0.1355,4,0.2
2020-08-25,0,1262,0.8678,15,0.9
2020-08-25,1,27872,19.1669,493,30.2
2020-08-25,2,70860,48.7288,986,60.5
2020-08-25,9,25741,17.7015,36,2.2
2020-08-26,9,25022,16.981,35,2.1
2020-08-26,5,103,0.0699,2,0.1
2020-08-26,4,200,0.1357,4,0.2
2020-08-26,0,1276,0.8659,15,0.9
2020-08-26,1,28500,19.3413,496,30.0
2020-08-26,2,72663,49.3122,1004,60.9
2020-08-26,3,19589,13.2939,92,5.5
2020-08-27,9,25301,16.9602,38,2.2
2020-08-27,5,105,0.0704,2,0.1
2020-08-27,4,200,0.1341,4,0.2
2020-08-27,0,1284,0.8607,15,0.8
2020-08-27,1,28785,19.2956,499,29.8
2020-08-27,2,73846,49.5016,1022,61.0
2020-08-27,3,19658,13.1775,93,5.5
2020-08-28,9,25488,16.9002,15,0.8
2020-08-28,5,106,0.0703,2,0.1
2020-08-28,2,74880,49.6502,1060,62.3
2020-08-28,1,29034,19.2514,516,30.3
2020-08-28,3,19798,13.1273,89,5.2
2020-08-28,4,203,0.1346,4,0.2
2020-08-28,0,1306,0.866,15,0.8
2020-08-29,9,25575,16.7947,15,0.8
2020-08-29,5,112,0.0735,2,0.1
2020-08-29,4,202,0.1327,4,0.2
2020-08-29,0,1324,0.8695,15,0.8
2020-08-29,1,29268,19.2199,522,30.2
2020-08-29,2,75948,49.8739,1078,62.4
2020-08-29,3,19851,13.0359,89,5.1
2020-08-30,1,29368,19.1804,527,30.1
2020-08-30,3,19881,12.9844,90,5.1
2020-08-30,5,112,0.0731,2,0.1
2020-08-30,4,204,0.1332,4,0.2
2020-08-30,0,1331,0.8693,16,0.9
2020-08-30,2,76504,49.9651,1093,62.5
2020-08-30,9,25715,16.7946,15,0.8
2020-08-31,9,25787,16.644,16,0.9
2020-08-31,5,112,0.0723,2,0.1
2020-08-31,4,204,0.1317,4,0.2
2020-08-31,0,1340,0.8649,16,0.9
2020-08-31,1,29496,19.0379,531,30.2
2020-08-31,2,77155,49.7989,1093,62.3
2020-08-31,3,20839,13.4503,92,5.2
2020-09-01,9,25923,16.5823,16,0.8
2020-09-01,5,113,0.0723,2,0.1
2020-09-01,4,206,0.1318,4,0.2
2020-09-01,0,1351,0.8642,16,0.8
2020-09-01,1,29689,18.9914,536,30.0
2020-09-01,2,78058,49.9319,1115,62.6
2020-09-01,3,20989,13.4262,92,5.1
2020-09-02,9,25017,15.8505,17,0.9
2020-09-02,5,115,0.0729,2,0.1
2020-09-02,4,208,0.1318,4,0.2
2020-09-02,0,1377,0.8725,17,0.9
2020-09-02,1,30177,19.1198,539,29.9
2020-09-02,2,79780,50.5477,1128,62.7
2020-09-02,3,21157,13.4048,90,5.0
2020-09-03,9,25244,15.8224,16,0.8
2020-09-03,5,119,0.0746,2,0.1
2020-09-03,2,80882,50.6951,1142,62.9
2020-09-03,1,30391,19.0484,542,29.8
2020-09-03,3,21296,13.3479,91,5.0
2020-09-03,4,215,0.1348,4,0.2
2020-09-03,0,1399,0.8769,18,0.9
2020-09-04,9,24867,15.4841,16,0.8
2020-09-04,5,121,0.0753,2,0.1
2020-09-04,4,215,0.1339,4,0.2
2020-09-04,0,1419,0.8836,18,0.9
2020-09-04,1,30607,19.0583,547,29.7
2020-09-04,2,82029,51.0775,1158,63.0
2020-09-04,3,21339,13.2873,92,5.0
2020-09-05,9,25389,15.6373,16,0.8
2020-09-05,5,120,0.0739,2,0.1
2020-09-05,4,217,0.1337,4,0.2
2020-09-05,0,1436,0.8844,18,0.9
2020-09-05,2,82967,51.1,1181,63.4
2020-09-05,3,21407,13.1847,92,4.9
2020-09-05,1,30826,18.986,549,29.4
2020-09-06,9,25800,15.7196,16,0.8
2020-09-06,5,121,0.0737,2,0.1
2020-09-06,4,218,0.1328,4,0.2
2020-09-06,0,1452,0.8847,18,0.9
2020-09-06,1,31000,18.8879,549,29.4
2020-09-06,2,83815,51.0675,1184,63.4
2020-09-06,3,21720,13.2337,92,4.9
2020-09-07,9,25907,15.6908,16,0.8
2020-09-07,5,122,0.0739,2,0.1
2020-09-07,4,218,0.132,4,0.2
2020-09-07,0,1456,0.8818,18,0.9
2020-09-07,1,31120,18.8482,549,29.3
2020-09-07,2,84449,51.1474,1189,63.6
2020-09-07,3,21837,13.2258,91,4.8
2020-09-08,9,25861,15.602,17,0.8
2020-09-08,5,123,0.0742,2,0.1
2020-09-08,4,220,0.1327,4,0.2
2020-09-08,0,1467,0.885,18,0.9
2020-09-08,1,31249,18.8526,556,29.3
2020-09-08,2,84961,51.2573,1207,63.6
2020-09-08,3,21873,13.1961,92,4.8
2020-09-09,9,24960,14.9832,20,1.0
2020-09-09,5,124,0.0744,2,0.1
2020-09-09,4,222,0.1333,4,0.2
2020-09-09,3,21848,13.1151,93,4.8
2020-09-09,0,1485,0.8914,18,0.9
2020-09-09,1,31637,18.9913,560,29.0
2020-09-09,2,86311,51.8114,1234,63.9
2020-09-10,9,25101,14.92,23,1.1
2020-09-10,5,125,0.0743,2,0.1
2020-09-10,4,220,0.1308,4,0.2
2020-09-10,0,1503,0.8934,20,1.0
2020-09-10,1,31823,18.9156,564,28.3
2020-09-10,2,87392,51.9458,1281,64.4
2020-09-10,3,22073,13.1202,94,4.7
2020-09-11,9,25276,14.8806,22,1.0
2020-09-11,5,126,0.0742,2,0.0
2020-09-11,4,226,0.1331,4,0.1
2020-09-11,0,1520,0.8949,20,0.9
2020-09-11,1,32042,18.8639,574,28.3
2020-09-11,2,88570,52.1432,1307,64.5
2020-09-11,3,22099,13.0102,96,4.7
2020-09-12,9,25193,14.7421,17,0.8
2020-09-12,3,22132,12.9509,96,4.6
2020-09-12,5,128,0.0749,2,0.0
2020-09-12,4,227,0.1328,4,0.1
2020-09-12,0,1527,0.8936,20,0.9
2020-09-12,1,32224,18.8565,584,28.2
2020-09-12,2,89460,52.3492,1341,64.9
2020-09-13,9,25522,14.8536,17,0.8
2020-09-13,5,132,0.0768,2,0.0
2020-09-13,4,229,0.1333,4,0.1
2020-09-13,0,1541,0.8968,20,0.9
2020-09-13,1,32340,18.8216,589,28.3
2020-09-13,2,89903,52.3227,1350,64.9
2020-09-13,3,22157,12.8952,96,4.6
2020-09-14,9,26296,15.0889,19,0.9
2020-09-14,5,132,0.0757,2,0.0
2020-09-14,4,230,0.132,4,0.1
2020-09-14,0,1561,0.8957,20,0.9
2020-09-14,1,32563,18.6849,590,28.1
2020-09-14,2,91086,52.266,1365,65.0
2020-09-14,3,22406,12.8568,97,4.6
2020-09-15,9,26140,14.9175,17,0.7
2020-09-15,3,22434,12.8025,97,4.5
2020-09-15,5,133,0.0759,2,0.0
2020-09-15,4,231,0.1318,4,0.1
2020-09-15,0,1573,0.8977,20,0.9
2020-09-15,1,32758,18.6942,596,28.0
2020-09-15,2,91962,52.4804,1391,65.3
2020-09-16,9,25592,14.4517,19,0.8
2020-09-16,5,134,0.0757,2,0.0
2020-09-16,4,237,0.1338,4,0.1
2020-09-16,0,1592,0.899,20,0.9
2020-09-16,1,33154,18.7219,599,27.8
2020-09-16,2,93765,52.9486,1408,65.4
2020-09-16,3,22613,12.7694,99,4.6
2020-09-17,9,25547,14.341,19,0.8
2020-09-17,5,136,0.0763,2,0.0
2020-09-17,4,238,0.1336,4,0.1
2020-09-17,0,1622,0.9105,20,0.9
2020-09-17,1,33291,18.6881,602,27.8
2020-09-17,2,94707,53.1644,1417,65.4
2020-09-17,3,22599,12.6861,100,4.6
2020-09-18,9,26197,14.5138,21,0.9
2020-09-18,3,22716,12.5853,101,4.5
2020-09-18,5,137,0.0759,2,0.0
2020-09-18,4,238,0.1319,4,0.1
2020-09-18,0,1641,0.9092,20,0.9
2020-09-18,1,33512,18.5665,604,27.5
2020-09-18,2,96056,53.2175,1444,65.7
2020-09-19,9,26036,14.3497,22,0.9
2020-09-19,5,138,0.0761,2,0.0
2020-09-19,4,242,0.1334,4,0.1
2020-09-19,0,1657,0.9133,20,0.9
2020-09-19,1,33663,18.5533,609,27.4
2020-09-19,2,97022,53.4736,1458,65.7
2020-09-19,3,22681,12.5006,101,4.5
2020-09-20,9,26754,14.5787,22,0.9
2020-09-20,5,139,0.0757,2,0.0
2020-09-20,4,245,0.1335,4,0.1
2020-09-20,0,1686,0.9187,20,0.9
2020-09-20,1,33861,18.4515,610,27.5
2020-09-20,2,97973,53.3872,1459,65.7
2020-09-20,3,22856,12.4546,101,4.5
2020-09-21,9,26875,14.5736,25,1.1
2020-09-21,3,22935,12.437,102,4.5
2020-09-21,5,139,0.0754,2,0.0
2020-09-21,4,247,0.1339,4,0.1
2020-09-21,0,1693,0.9181,20,0.8
2020-09-21,1,33954,18.4123,611,27.3
2020-09-21,2,98566,53.4497,1469,65.7
2020-09-22,9,26721,14.4322,13,0.5
2020-09-22,5,144,0.0778,2,0.0
2020-09-22,4,247,0.1334,4,0.1
2020-09-22,0,1704,0.9203,20,0.8
2020-09-22,1,34086,18.4101,622,27.5
2020-09-22,2,99338,53.6533,1500,66.3
2020-09-22,3,22908,12.3728,100,4.4
2020-09-23,9,25936,13.8911,12,0.5
2020-09-23,5,144,0.0771,2,0.0
2020-09-23,4,254,0.136,4,0.1
2020-09-23,0,1719,0.9207,21,0.9
2020-09-23,1,34474,18.464,624,27.4
2020-09-23,2,101155,54.1779,1513,66.5
2020-09-23,3,23027,12.3331,99,4.3
2020-09-24,9,25891,13.8053,8,0.3
2020-09-24,3,23056,12.2936,101,4.3
2020-09-24,5,144,0.0768,2,0.0
2020-09-24,4,255,0.136,4,0.1
2020-09-24,0,1730,0.9225,21,0.9
2020-09-24,1,34597,18.4474,633,27.4
2020-09-24,2,101871,54.3185,1541,66.7
2020-09-25,9,27142,14.3264,10,0.4
2020-09-25,5,145,0.0765,2,0.0
2020-09-25,4,251,0.1325,4,0.1
2020-09-25,0,1744,0.9205,22,0.9
2020-09-25,1,34523,18.2224,642,27.2
2020-09-25,2,102487,54.096,1569,66.7
2020-09-25,3,23162,12.2257,103,4.3
2020-09-26,9,27250,14.2752,13,0.5
2020-09-26,5,145,0.076,2,0.0
2020-09-26,4,251,0.1315,4,0.1
2020-09-26,0,1773,0.9288,23,0.9
2020-09-26,1,34699,18.1774,645,27.1
2020-09-26,2,103540,54.2404,1584,66.7
2020-09-26,3,23233,12.1708,103,4.3
2020-09-27,9,27843,14.4268,12,0.5
2020-09-27,3,23370,12.1091,103,4.3
2020-09-27,5,149,0.0772,2,0.0
2020-09-27,4,256,0.1326,4,0.1
2020-09-27,0,1788,0.9264,23,0.9
2020-09-27,1,34911,18.0891,647,27.2
2020-09-27,2,104678,54.2387,1586,66.7
2020-09-28,9,27823,14.3616,13,0.5
2020-09-28,5,149,0.0769,2,0.0
2020-09-28,4,256,0.1321,4,0.1
2020-09-28,0,1798,0.9281,23,0.9
2020-09-28,1,35036,18.0848,649,27.1
2020-09-28,2,105301,54.354,1595,66.7
2020-09-28,3,23369,12.0625,103,4.3
2020-09-29,9,27808,14.289,13,0.5
2020-09-29,5,150,0.0771,2,0.0
2020-09-29,4,260,0.1336,4,0.1
2020-09-29,0,1810,0.9301,23,0.9
2020-09-29,1,35154,18.0637,658,27.1
2020-09-29,2,106065,54.501,1616,66.7
2020-09-29,3,23364,12.0055,104,4.2
2020-09-30,9,26762,13.6444,10,0.4
2020-09-30,3,23518,11.9905,105,4.2
2020-09-30,5,151,0.077,2,0.0
2020-09-30,4,264,0.1346,4,0.1
2020-09-30,0,1816,0.9259,23,0.9
2020-09-30,1,35639,18.1703,667,27.1
2020-09-30,2,107989,55.0574,1643,66.9
2020-10-01,9,26933,13.6417,11,0.4
2020-10-01,5,151,0.0765,2,0.0
2020-10-01,4,264,0.1337,4,0.1
2020-10-01,0,1822,0.9228,23,0.9
2020-10-01,1,35791,18.1283,673,26.9
2020-10-01,2,108862,55.139,1682,67.2
2020-10-01,3,23609,11.958,106,4.2
2020-10-02,9,27093,13.6555,13,0.5
2020-10-02,5,151,0.0761,2,0.0
2020-10-02,4,264,0.1331,4,0.1
2020-10-02,0,1831,0.9229,23,0.9
2020-10-02,1,35919,18.1041,674,26.7
2020-10-02,2,109561,55.2214,1694,67.3
2020-10-02,3,23584,11.8869,105,4.1
2020-10-03,4,266,0.1333,4,0.1
2020-10-03,3,23666,11.857,105,4.1
2020-10-03,5,152,0.0762,2,0.0
2020-10-03,0,1835,0.9194,23,0.8
2020-10-03,1,36035,18.0541,684,26.7
2020-10-03,2,110266,55.2449,1731,67.6
2020-10-03,9,27375,13.7153,11,0.4
2020-10-04,9,27812,13.8224,12,0.4
2020-10-04,5,152,0.0755,2,0.0
2020-10-04,4,267,0.1327,4,0.1
2020-10-04,0,1846,0.9174,23,0.8
2020-10-04,1,36155,17.9688,690,26.7
2020-10-04,2,111153,55.2423,1740,67.5
2020-10-04,3,23825,11.8409,106,4.1
2020-10-05,9,28699,14.0889,13,0.5
2020-10-05,5,156,0.0766,2,0.0
2020-10-05,4,268,0.1316,4,0.1
2020-10-05,0,1861,0.9136,23,0.8
2020-10-05,1,36354,17.8469,691,26.6
2020-10-05,2,112368,55.1637,1757,67.6
2020-10-05,3,23993,11.7787,107,4.1
2020-10-06,9,29092,14.1653,13,0.4
2020-10-06,3,24040,11.7054,107,4.0
2020-10-06,5,158,0.0769,2,0.0
2020-10-06,4,267,0.13,4,0.1
2020-10-06,0,1877,0.9139,23,0.8
2020-10-06,1,36534,17.7889,694,26.4
2020-10-06,2,113407,55.2195,1778,67.8
2020-10-07,9,28682,13.8256,13,0.4
2020-10-07,5,159,0.0766,2,0.0
2020-10-07,4,272,0.1311,4,0.1
2020-10-07,0,1880,0.9062,23,0.8
2020-10-07,1,36948,17.8101,695,26.3
2020-10-07,2,115336,55.5957,1798,68.0
2020-10-07,3,24178,11.6546,107,4.0
2020-10-08,9,29151,13.9181,15,0.5
2020-10-08,5,161,0.0769,2,0.0
2020-10-08,4,274,0.1308,4,0.1
2020-10-08,0,1889,0.9019,23,0.8
2020-10-08,1,37106,17.7162,725,26.8
2020-10-08,2,116545,55.6441,1826,67.5
2020-10-08,3,24321,11.612,110,4.0
2020-10-09,9,28907,13.6998,17,0.6
2020-10-09,3,24616,11.6662,111,4.0
2020-10-09,5,160,0.0758,2,0.0
2020-10-09,4,276,0.1308,4,0.1
2020-10-09,0,1903,0.9019,23,0.8
2020-10-09,1,37390,17.7201,730,26.7
2020-10-09,2,117751,55.8054,1845,67.5
2020-10-10,9,29298,13.7776,17,0.6
2020-10-10,5,160,0.0752,2,0.0
2020-10-10,4,278,0.1307,4,0.1
2020-10-10,0,1911,0.8987,23,0.8
2020-10-10,1,37540,17.6535,734,26.6
2020-10-10,2,118785,55.8597,1867,67.6
2020-10-10,3,24677,11.6046,111,4.0
2020-10-11,9,29989,13.9668,18,0.6
2020-10-11,5,160,0.0745,2,0.0
2020-10-11,4,280,0.1304,4,0.1
2020-10-11,0,1920,0.8942,23,0.8
2020-10-11,1,37697,17.5566,738,26.6
2020-10-11,2,119806,55.7972,1871,67.6
2020-10-11,3,24865,11.5804,111,4.0
2020-10-12,9,31151,14.3103,18,0.6
2020-10-12,3,25084,11.5232,112,4.0
2020-10-12,5,162,0.0744,2,0.0
2020-10-12,4,281,0.1291,4,0.1
2020-10-12,0,1934,0.8885,24,0.8
2020-10-12,1,37956,17.4364,739,26.6
2020-10-12,2,121114,55.638,1875,67.5
2020-10-13,9,31296,14.3016,18,0.6
2020-10-13,5,165,0.0754,2,0.0
2020-10-13,4,282,0.1289,4,0.1
2020-10-13,0,1945,0.8888,24,0.8
2020-10-13,1,38063,17.3939,744,26.5
2020-10-13,2,121978,55.7412,1893,67.6
2020-10-13,3,25100,11.4701,112,4.0
2020-10-14,9,30394,13.7818,20,0.7
2020-10-14,5,166,0.0753,2,0.0
2020-10-14,4,285,0.1292,4,0.1
2020-10-14,0,1960,0.8887,25,0.8
2020-10-14,1,38411,17.417,752,26.5
2020-10-14,2,123977,56.2157,1912,67.6
2020-10-14,3,25345,11.4924,113,3.9
2020-10-15,4,286,0.1284,4,0.1
2020-10-15,3,25469,11.4299,112,3.9
2020-10-15,5,168,0.0754,2,0.0
2020-10-15,0,1971,0.8845,25,0.8
2020-10-15,1,38664,17.3516,757,26.4
2020-10-15,2,125536,56.3379,1944,67.8
2020-10-15,9,30733,13.7923,20,0.6
2020-10-16,9,30701,13.7369,21,0.7
2020-10-16,5,168,0.0752,2,0.0
2020-10-16,4,284,0.1271,4,0.1
2020-10-16,0,1985,0.8882,25,0.8
2020-10-16,1,38757,17.3415,758,26.4
2020-10-16,2,126119,56.4309,1949,67.8
2020-10-16,3,25479,11.4004,112,3.9
2020-10-17,9,31489,13.9246,24,0.8
2020-10-17,5,169,0.0747,2,0.0
2020-10-17,4,286,0.1265,4,0.1
2020-10-17,0,1992,0.8809,25,0.8
2020-10-17,1,38948,17.223,761,26.2
2020-10-17,2,127613,56.4312,1975,68.0
2020-10-17,3,25642,11.339,112,3.8
2020-10-18,9,32298,14.1197,24,0.8
2020-10-18,3,25854,11.3026,113,3.8
2020-10-18,5,170,0.0743,2,0.0
2020-10-18,4,288,0.1259,4,0.1
2020-10-18,0,2011,0.8791,25,0.8
2020-10-18,1,39164,17.1213,763,26.2
2020-10-18,2,128959,56.377,1978,67.9
2020-10-19,9,33606,14.4815,26,0.8
2020-10-19,5,173,0.0745,2,0.0
2020-10-19,4,292,0.1258,4,0.1
2020-10-19,0,2027,0.8735,25,0.8
2020-10-19,1,39460,17.0041,765,26.1
2020-10-19,2,130509,56.2391,1987,68.0
2020-10-19,3,25994,11.2014,113,3.8
2020-10-20,9,33770,14.4583,30,1.0
2020-10-20,5,172,0.0736,2,0.0
2020-10-20,4,295,0.1263,4,0.1
2020-10-20,0,2038,0.8725,25,0.8
2020-10-20,1,39625,16.965,766,25.9
2020-10-20,2,131532,56.314,2009,68.0
2020-10-20,3,26137,11.1903,116,3.9
2020-10-21,4,298,0.1263,4,0.1
2020-10-21,3,26374,11.182,116,3.9
2020-10-21,5,174,0.0738,2,0.0
2020-10-21,0,2056,0.8717,26,0.8
2020-10-21,1,40038,16.9753,765,25.7
2020-10-21,2,133715,56.6923,2026,68.2
2020-10-21,9,33206,14.0786,31,1.0
2020-10-22,9,33248,13.9752,29,0.9
2020-10-22,5,176,0.074,2,0.0
2020-10-22,4,300,0.1261,4,0.1
2020-10-22,0,2073,0.8713,27,0.8
2020-10-22,1,40366,16.9671,770,25.5
2020-10-22,2,135291,56.8672,2061,68.4
2020-10-22,3,26453,11.1191,118,3.9
2020-10-23,9,34313,14.2075,32,1.0
2020-10-23,5,178,0.0737,2,0.0
2020-10-23,4,301,0.1246,4,0.1
2020-10-23,0,2098,0.8687,27,0.8
2020-10-23,1,40676,16.8422,777,25.2
2020-10-23,2,137154,56.7895,2114,68.7
2020-10-23,3,26793,11.0938,120,3.9
2020-10-24,4,303,0.1241,4,0.1
2020-10-24,3,26919,11.0284,122,3.9
2020-10-24,5,180,0.0737,3,0.0
2020-10-24,0,2118,0.8677,27,0.8
2020-10-24,1,40918,16.7637,776,25.0
2020-10-24,2,138628,56.7945,2137,68.9
2020-10-24,9,35021,14.3478,31,1.0
2020-10-25,9,36220,14.6292,34,1.0
2020-10-25,5,179,0.0723,3,0.0
2020-10-25,4,309,0.1248,4,0.1
2020-10-25,0,2147,0.8672,27,0.8
2020-10-25,1,41249,16.6604,778,24.8
2020-10-25,2,140340,56.6831,2163,69.0
2020-10-25,3,27143,10.963,122,3.8
2020-10-26,9,36992,14.8047,37,1.1698
2020-10-26,0,2167,0.8673,27,0.8536
2020-10-26,4,312,0.1249,4,0.1265
2020-10-26,3,27191,10.8822,124,3.9203
2020-10-26,1,41529,16.6205,782,24.7234
2020-10-26,2,141495,56.6284,2186,69.1116
2020-10-26,5,180,0.072,3,0.0948
